MultinomialNB.,emotion.,[[ 926    9    4    6   45    1    0    8    0    1    3    1    0    2
     1   53    0   16   40    0  985   12    1    0    0    0    0    6]
 [  34  337    8   19   11    0    2    2    0    0    4    0    0    2
     0    8    0   15    5    0  757    3    0    1    0    0    2    1]
 [  11    9  118   70    9    4    2    1    1    4   17    4    0    5
     0    6    0    0    4    0  752    4    0    2    0    0    5    3]
 [  22   16   42  107   32    5    7   10    0    8   35    5    0    3
     1   14    0    1    3    0 1354    4    0    3    0    0    7    7]
 [ 128   27    3   22  208    8    8    9    0    5   31    1    0    2
     0   17    0    7   11    0 1768    4    0    7    0    0    4    2]
 [   9    0    0    2   12   38    2    2    0    3    4    0    0    0
     0   16    0    4    3    0  602   29    0    1    0    0    3    0]
 [   8    6    1   13   14    1   54   25    0    2   13    0    0    0
     1    3    0    1    0    0  807    1    0    7    0    0    0    3]
 [  21    6    3    7   15    4   15  113    1    0   16    0    0    1
     0    9    0    0    0    0  961    2    0    2    0    1    2    4]
 [   7    6    2    3    9    5    1    0   17    0    0    0    0    2
     0    5    0    2    2    0  325   18    0    0    0    0    0    0]
 [   7    7    2   28   24    0    1    2    1   38   20    4    0    1
     0    4    0    1    0    0  805    3    0    3    0    0   12    2]
 [  21   12   13   30   47    2   12    6    0    3  127    2    2    1
     1    4    0    1    2    0 1217    4    0    5    0    0    4    1]
 [   7    3   18   38   11    0    3    2    0    6   13   40    1    0
     1    1    0    0    1    0  454    3    0    2    0    0    1    3]
 [   6    4    3   10    3    0    0    2    0    2    4    1    3    1
     1    2    0    0    1    0  246    5    0    2    0    0    0    0]
 [  71    5    4    1   16    1    0    9    0    0    4    0    0   18
     0    9    0   35    3    0  383    2    0    0    0    0    0   12]
 [  13    0    0    3    5    3    0    4    0    3    4    5    0    0
    13    0    0    1    0    0  299    3    0    3    0    0    4    2]
 [  84    4    0    2    6    3    0    0    0    1    1    0    0    0
     0  938    0   14    6    0  302   18    0    0    0    2    1    0]
 [   0    0    0    1    0    0    0    0    0    0    0    0    0    0
     1    2    0    0    0    0   52    0    0    0    0    0    3    0]
 [  67   49    2    4   13    4    0    3    0    0    3    0    0    7
     0   27    0   97   27    0  560    7    0    2    0    0    1    1]
 [  78    7    1    5    9    1    0    2    0    1    3    0    0    0
     0    3    0    6  367    0  554    1    0    0    0    0    1    1]
 [   1    0    2    2    6    1    1    2    0    1    1    0    0    0
     0    0    0    0    0    0  139    0    0    0    0    0    0    0]
 [ 319  114   75  149  290   43   44   68   10   27  174   21    0   20
     7   78    0   34   66    0 9376   39    1   48    0    4   31   38]
 [  32    3    2    3   21    7    2    2    2    2    3    0    0    1
     0   14    0    5    1    0  667  121    0    0    0    0    1    1]
 [  24    0    2    0    3    0    0    1    0    0    2    0    1    1
     0    2    0    0    0    0  118    2    0    0    0    0    0    0]
 [  17    6    4   10   29    0    2    2    0    5   12    1    0    0
     0    5    0    3    3    0  795    1    0   38    0    1    1    5]
 [  13    0    1    0    5    1    0    1    0    0    0    0    0    0
     0   14    0    2    1    0  126    1    0    0    0    0    0    0]
 [   6    1    0    2    4    2    0    1    0    2    2    0    0    0
     0   20    0    0    1    0  227    1    0    3    0   19   16    0]
 [   6    2    1   11   12    2    0    0    0   13    5    1    0    0
     1    7    0    2    1    0  584    6    0    0    0    5   69    1]
 [  34    5   10   14    8    3    2   11    0    1    5    0    0    2
     1    3    0    4    3    0  498    2    0    3    0    0    0   60]],                precision    recall  f1-score   support

    admiration       0.47      0.44      0.45      2120
     amusement       0.53      0.28      0.36      1211
         anger       0.37      0.11      0.17      1031
     annoyance       0.19      0.06      0.10      1686
      approval       0.24      0.09      0.13      2272
        caring       0.27      0.05      0.09       730
     confusion       0.34      0.06      0.10       960
     curiosity       0.39      0.10      0.15      1183
        desire       0.53      0.04      0.08       404
disappointment       0.30      0.04      0.07       965
   disapproval       0.25      0.08      0.13      1517
       disgust       0.47      0.07      0.12       608
 embarrassment       0.43      0.01      0.02       296
    excitement       0.26      0.03      0.06       573
          fear       0.45      0.04      0.07       365
     gratitude       0.74      0.68      0.71      1382
         grief       0.00      0.00      0.00        59
           joy       0.39      0.11      0.17       874
          love       0.67      0.35      0.46      1040
   nervousness       0.00      0.00      0.00       156
       neutral       0.36      0.85      0.51     11076
      optimism       0.41      0.14      0.20       890
         pride       0.00      0.00      0.00       156
   realization       0.29      0.04      0.07       940
        relief       0.00      0.00      0.00       165
       remorse       0.59      0.06      0.11       307
       sadness       0.41      0.09      0.15       729
      surprise       0.39      0.09      0.15       669

      accuracy                           0.39     34364
     macro avg       0.35      0.14      0.17     34364
  weighted avg       0.38      0.39      0.31     34364
MultinomialNB.,sentiment.,[[ 893  638 1383  838]
 [ 308 4019 2142 1250]
 [ 695 1990 5392 2999]
 [ 305  934 2234 8344]],              precision    recall  f1-score   support

   ambiguous       0.41      0.24      0.30      3752
    negative       0.53      0.52      0.53      7719
     neutral       0.48      0.49      0.49     11076
    positive       0.62      0.71      0.66     11817

    accuracy                           0.54     34364
   macro avg       0.51      0.49      0.49     34364
weighted avg       0.53      0.54      0.53     34364
DecisionTreeClassifier.,emotion.,[[1196   41   14   36  112   24   17   27    8   11   26    1    3   41
     6   72    0   54   76    1  279   25    9   11    2    3    3   22]
 [  49  684   20   52   41    4   13    8    6   13   21    9    8   15
     1    9    0   42   11    1  162   10    0   14    0    1    5   12]
 [  16   20  391  144   35   17   21   13    4   31   46   30    5    6
     7    3    2    2    3    1  209    7    1    8    0    1    3    5]
 [  52   56  218  368   94   29   46   54   13   74  108   37   20    8
    13    9    0    6   11    1  407    7    0   24    4    4   19    4]
 [ 220   66   55  130  598   56   54   37   34   38   70   17    8   26
    12   21    3   42   33    6  648   27    2   28   12    5   11   13]
 [  39   12   20   46   83  193   16    8   11   17   18    1    6    8
     5   11    1   12   11    4  158   23    2   14    3    3    5    0]
 [  25   29   31   75   63   11  275  115    4   19   35    7    5    9
     4    0    0    4    1    1  218    4    1   11    0    2    5    6]
 [  31   23   40   64   51   15  174  408    5   11   12    5    5   13
     1    4    0    8    6    1  276    6    0    2    0    2    2   18]
 [  24    4    6   17   36   13    8    7  116   12    7    1    1   10
     1    5    1    4   10    0   84   26    0    3    0    3    4    1]
 [  22   26   43  110   63   20   18   13   16  188   67   24    8    9
     6    5    6    6    4    7  219   12    1    9    3    7   44    9]
 [  39   34  109  172  119   21   50   29    5   70  361   31    4    3
     9    4    1    4    5    3  389   11    0   16    2    9   14    3]
 [  16   15   85  105   25    6    9    6    4   27   38  107    8    1
    17    1    1    1    2    1  118    3    0    3    1    3    3    2]
 [   8   11   16   43   15    4   11    5    2   17   12   12   44    3
     4    1    2    1    2    1   60    5    1    4    0    4    4    4]
 [  89   27   15   18   52    9   16   28    7   10    8    3    5  111
     1   10    0   36    8    1   84   10    0    3    1    0    0   21]
 [  13    7   20   21   14   10    8    9    1   12   17   16    3    1
   113    0    2    3    2    5   71    3    0    3    1    0    5    5]
 [ 130   16    1   14   28   18    1    7    3    7    6    1    2   12
     2 1015    1   22   10    0   46   19    3    1    0   11    3    3]
 [   3    0    4    3    1    0    1    1    0    2    2    3    2    0
     2    1    8    0    2    0   15    1    0    1    0    4    3    0]
 [ 105  117   12   24   63   22    3    6   13    6    9    1    2   55
     2   35    1  204   36    0  117   12    2    5    8    1    1   12]
 [ 155   17    9   26   66   18   10    6   14    7   14    3    5   24
     0    8    1   50  514    0   81    4    2    3    0    1    1    1]
 [   4    3    5   18   14   13    6    5    1   13    4    4    3    2
     5    0    2    1    2   12   32    1    0    3    0    0    2    1]
 [ 534  347  414  717 1081  225  441  398  115  290  495  120   72  160
    57   77   27  159  124   43 4753  103   17  124   10   26   71   76]
 [  67   23   13   39  101   40   18   17   51   22   20    2    0   17
     4   19    0   15   14    1  206  179    2   11    0    2    3    4]
 [  42    3    2    7   19    1    2    3    1    2    5    1    1    4
     1    1    2    9    1    0   34    4    8    1    0    0    1    1]
 [  35   38   33   49  132   10   38   16    8   33   46    7    8    5
     5    4    8   10    8    4  328    6    1   70    6   13    8   11]
 [  13    2    3    5   30    9    2    3    1    2    2    1    1    4
     0   16    1    9    2    1   39    2    0    1   15    0    1    0]
 [   4    3    8   16   12   12   12    7    1   22   17    3    9    1
     2   19    2    1    1    2   40    0    0   12    0   83   17    1]
 [  16    7   24   54   40   22    9    9    6   81   36    9    7    6
     7    5   12    2    7   10  157    1    0    5    0   47  145    5]
 [  61   12   28   52   37    4   30   50    4   12   24    4    8   24
     6    2    0   11    1    3  141    4    1   16    0    0    1  133]],                precision    recall  f1-score   support

    admiration       0.40      0.56      0.47      2120
     amusement       0.42      0.56      0.48      1211
         anger       0.24      0.38      0.29      1031
     annoyance       0.15      0.22      0.18      1686
      approval       0.20      0.26      0.23      2272
        caring       0.23      0.26      0.25       730
     confusion       0.21      0.29      0.24       960
     curiosity       0.32      0.34      0.33      1183
        desire       0.26      0.29      0.27       404
disappointment       0.18      0.19      0.19       965
   disapproval       0.24      0.24      0.24      1517
       disgust       0.23      0.18      0.20       608
 embarrassment       0.17      0.15      0.16       296
    excitement       0.19      0.19      0.19       573
          fear       0.39      0.31      0.34       365
     gratitude       0.75      0.73      0.74      1382
         grief       0.10      0.14      0.11        59
           joy       0.28      0.23      0.26       874
          love       0.57      0.49      0.53      1040
   nervousness       0.11      0.08      0.09       156
       neutral       0.51      0.43      0.46     11076
      optimism       0.35      0.20      0.25       890
         pride       0.15      0.05      0.08       156
   realization       0.17      0.07      0.10       940
        relief       0.22      0.09      0.13       165
       remorse       0.35      0.27      0.31       307
       sadness       0.38      0.20      0.26       729
      surprise       0.36      0.20      0.26       669

      accuracy                           0.36     34364
     macro avg       0.29      0.27      0.27     34364
  weighted avg       0.37      0.36      0.36     34364
DecisionTreeClassifier.,sentiment.,[[1777  635  884  456]
 [ 831 4633 1585  670]
 [1630 2480 5189 1777]
 [ 890 1363 2494 7070]],              precision    recall  f1-score   support

   ambiguous       0.35      0.47      0.40      3752
    negative       0.51      0.60      0.55      7719
     neutral       0.51      0.47      0.49     11076
    positive       0.71      0.60      0.65     11817

    accuracy                           0.54     34364
   macro avg       0.52      0.54      0.52     34364
weighted avg       0.56      0.54      0.55     34364
MLPClassifier.,emotion.,[[1202   25   12   14   42   10   10   18    4    7   11    3    4   27
     6   46    0   54   90    0  448   33    5   10    4    2   10   23]
 [  38  710   11   24    8    3    9    5    1    5    7    4    4    7
     2    8    0   39   11    1  283    9    1    3    0    0    8   10]
 [  15   19  288  103   14   10    5    7    1    6   35   30    8    5
     7    6    0    1    5    0  436    6    0    5    0    2   12    5]
 [  31   34  106  208   36   15   20   29    9   27  103   34   10    8
    24   16    0   12   11    2  866   17    1   16    0    7   28   16]
 [ 174   56   12   40  299   28   22   22   13   21   70   15    5   13
    10   24    0   29   44    4 1261   38    2   31    4    8   16   11]
 [  21   10    4   15   27  129    5    5    6    5   14    1    2    4
     4   12    0   17   13    5  348   43    0    7    3   11   19    0]
 [  11   21   10   27   16    5  143   81    1    8   43    8    4    3
     1    5    0    6    4    1  520    5    1   14    0    1   11   10]
 [  29   18    9   18   17    9   53  265    4    8   16    3    4   15
     0    7    0    9    7    0  647    9    0    5    0    4    4   23]
 [  12    8    0    3   10    8    3    1  115    3    1    1    2    6
     3    5    0    3   10    0  174   30    0    1    1    0    4    0]
 [  14   15   20   35   20   10    6   12    6  106   46   15    7    2
     7    4    2    8    8    8  486   16    0   14    1   16   72    9]
 [  28   29   36   66   43   17   31   12    1   29  267   20    9    4
    16    6    0    3    9    2  818   13    1   16    1    8   20   12]
 [   7    9   47   53   10    0    3    3    3   16   27  131   12    0
    21    1    0    1    2    0  233    5    1    5    1    1   12    4]
 [   5    5    6   17    3    3    2    4    0    4   13    8   57    0
     4    0    0    3    2    0  130    5    1    8    0    4    8    4]
 [  76   14   11    3   16    3    5   17    3    1    3    1    0   89
     2    7    0   45    9    0  226    6    0    2    0    1    2   31]
 [   7    4    3    7    1    5    0    8    1    5   10   12    3    1
   139    0    1    1    3    5  134    3    0    5    1    0    5    1]
 [ 106    8    0    2    8   12    3    3    1    2    4    0    1    5
     0 1065    0   43   12    0   56   27    0    2    1   16    5    0]
 [   2    0    1    1    0    2    0    1    0    0    1    0    2    0
     3    1    1    0    2    0   30    1    0    1    0    1    9    0]
 [  88  105    7    5   10   12    4    6    5    3    4    2    0   26
     2   19    0  269   48    1  218   14    0    3    7    3    5    8]
 [  81    8    2    9   18    6    1    6    7    2    6    1    1    5
     0    5    1   28  651    0  195    2    0    2    0    1    1    1]
 [   3    0    2    6    2    6    4    0    0    5    9    4    3    4
     9    1    0    1    0   12   73    4    0    1    1    1    5    0]
 [ 398  259  190  251  291  153  187  221   61  104  331   65   43   61
    51   77    6  123  151    7 7522  139    8  119   11   40  121   86]
 [  39   10    3    9   25   22    7    4   35   15   12    4    0    8
     0   10    0   13    9    4  347  295    0    7    4    2    2    4]
 [  27    1    2    1    3    2    2    1    0    2    5    0    0    1
     1    3    0   10    1    0   71    2   13    1    2    0    4    1]
 [  23   18   18   17   39    8   19   12    2   17   31    6    0    5
     6    2    0    7    9    2  551    8    0   95    1   15   11   18]
 [  15    2    2    3   11    7    1    0    1    1    1    0    0    0
     0   16    0   17    1    2   72    3    0    1    8    0    1    0]
 [   5    3    3    1    9    3    0    3    3    7   12    2    0    0
     0    8    0    1    2    1   48    0    0   12    0  150   31    3]
 [   6    4   11   15    9    8    0    3    3   40   16    5    2    1
     2    2    0    6    6    2  279    5    0    3    2   60  236    3]
 [  40   11   20   20   10    3    9   37    0    5   14    1    3   18
     4    1    0    7    3    0  259    5    0   12    0    3    1  183]],                precision    recall  f1-score   support

    admiration       0.48      0.57      0.52      2120
     amusement       0.50      0.59      0.54      1211
         anger       0.34      0.28      0.31      1031
     annoyance       0.21      0.12      0.16      1686
      approval       0.30      0.13      0.18      2272
        caring       0.26      0.18      0.21       730
     confusion       0.26      0.15      0.19       960
     curiosity       0.34      0.22      0.27      1183
        desire       0.40      0.28      0.33       404
disappointment       0.23      0.11      0.15       965
   disapproval       0.24      0.18      0.20      1517
       disgust       0.35      0.22      0.27       608
 embarrassment       0.31      0.19      0.24       296
    excitement       0.28      0.16      0.20       573
          fear       0.43      0.38      0.40       365
     gratitude       0.78      0.77      0.78      1382
         grief       0.09      0.02      0.03        59
           joy       0.36      0.31      0.33       874
          love       0.58      0.63      0.60      1040
   nervousness       0.20      0.08      0.11       156
       neutral       0.45      0.68      0.54     11076
      optimism       0.40      0.33      0.36       890
         pride       0.38      0.08      0.14       156
   realization       0.24      0.10      0.14       940
        relief       0.15      0.05      0.07       165
       remorse       0.42      0.49      0.45       307
       sadness       0.36      0.32      0.34       729
      surprise       0.39      0.27      0.32       669

      accuracy                           0.43     34364
     macro avg       0.35      0.28      0.30     34364
  weighted avg       0.39      0.43      0.40     34364
MLPClassifier.,sentiment.,[[1158  601 1359  634]
 [ 328 4422 2035  934]
 [ 806 2070 5774 2426]
 [ 376 1037 2202 8202]],              precision    recall  f1-score   support

   ambiguous       0.43      0.31      0.36      3752
    negative       0.54      0.57      0.56      7719
     neutral       0.51      0.52      0.51     11076
    positive       0.67      0.69      0.68     11817

    accuracy                           0.57     34364
   macro avg       0.54      0.52      0.53     34364
weighted avg       0.56      0.57      0.57     34364
MultinomialNB, alpha_0., emotion,[[1082   22    9   15   53    6    5   15    1    4   10    2    0    6
     1   62    0   27   67    0  684   25    2    7    0    0    2   13]
 [  44  514   10   30   14    0    5    7    1    4    5    2    1    6
     0    8    0   29   12    0  500    7    0    4    0    0    4    4]
 [  13   11  190  104   16    7    4    4    1    6   27   15    1    6
     2    5    0    2    8    0  582    6    0    5    0    0   11    5]
 [  34   23   79  174   42   17   17   18    3   22   79   20    4    5
     4   17    0    4   10    0 1059   10    0   12    0    1   17   15]
 [ 147   36   10   47  279   27   20   20    8   16   60    7    0    4
     3   30    0   18   20    0 1466   21    0   17    0    0   11    5]
 [  13    3    4   15   26  100    4    2    2    5   11    1    0    2
     1   23    0    9    5    0  451   41    0    4    0    2    6    0]
 [  11   15    4   22   21    1  109   56    2    6   26    3    1    2
     1    5    0    2    3    0  643    5    0   11    0    1    3    7]
 [  23   12    8   18   26   10   36  213    1    6   21    2    0    3
     0   15    0    4    3    0  755    6    0    4    0    1    4   12]
 [   9    7    5    4   10    9    3    1   43    0    2    1    0    3
     0    6    0    3    6    0  262   24    0    0    0    0    5    1]
 [  10    9   11   37   28    6    3    5    3   86   40    9    0    5
     1    5    0    3    5    0  639    8    0   10    0    6   29    7]
 [  25   19   27   57   72   11   24    9    0   18  220   14    2    2
     6    6    0    3    6    0  961    7    0    9    0    0   13    6]
 [   9   10   38   57   17    0    4    2    2   14   19   80    2    0
     5    1    0    2    3    0  320    4    0    6    0    0    8    5]
 [   8    7    3   20    3    1    3    5    0    9    9    2   15    1
     2    4    0    1    1    0  186    6    0    4    0    0    4    2]
 [  76    9    7    2   24    2    3   15    1    0    5    1    0   51
     1   12    0   47    6    1  277    6    0    3    0    0    0   24]
 [  13    0    4    7    8    3    1    8    0    4    8   10    0    1
    42    0    0    1    0    2  234    3    0    6    1    0    7    2]
 [  93   10    0    3   12    7    1    1    0    2    4    0    0    4
     0 1025    0   20   10    0  157   23    0    2    0    6    1    1]
 [   1    0    1    1    0    2    1    0    0    0    2    1    0    0
     1    2    0    0    2    0   34    2    0    0    0    1    8    0]
 [  82   73    4    4   20   11    4    8    0    0    2    0    0   16
     1   32    0  175   39    0  375   11    0    5    1    2    4    5]
 [  88   10    2   12   12    5    2    5    2    2    4    0    0    2
     0    7    0   16  492    0  374    1    0    2    0    0    1    1]
 [   3    2    2    4    6    3    3    1    0    2    4    3    2    4
     2    1    0    1    0    3  108    0    0    1    0    0    1    0]
 [ 395  188  166  259  411  134  145  165   30   84  299   43   13   57
    19  107    1   77  119    0 7961  102    7  126    1   13   84   70]
 [  37    6    3    4   33   27    5    3   10    5   12    2    0    2
     1   19    0    7    3    0  498  204    0    2    0    1    2    4]
 [  31    0    4    1    6    0    1    1    0    1    3    0    1    1
     1    4    0    4    1    0   91    1    1    1    0    0    2    0]
 [  25   13    8   21   42   11   10    8    0   18   23    2    0    4
     2    7    0    5    6    0  632    5    0   68    2    4    9   15]
 [  14    1    2    0   10    5    0    2    0    0    1    0    0    0
     0   19    0    6    1    0   99    3    0    1    1    0    0    0]
 [   6    1    2    2    9    4    1    4    1    8    9    2    0    0
     0   20    0    1    2    1  159    2    0    6    0   44   20    3]
 [   6    3    3   19   13    7    0    2    0   33   14    3    0    1
     1   14    0    6    5    0  422    5    0    3    0   20  147    2]
 [  41   11   13   14   14    3    6   24    0    4   11    2    0   13
     1    3    0    7    3    0  369    6    0    9    0    0    2  113]],                precision    recall  f1-score   support

    admiration       0.46      0.51      0.49      2120
     amusement       0.51      0.42      0.46      1211
         anger       0.31      0.18      0.23      1031
     annoyance       0.18      0.10      0.13      1686
      approval       0.23      0.12      0.16      2272
        caring       0.24      0.14      0.17       730
     confusion       0.26      0.11      0.16       960
     curiosity       0.35      0.18      0.24      1183
        desire       0.39      0.11      0.17       404
disappointment       0.24      0.09      0.13       965
   disapproval       0.24      0.15      0.18      1517
       disgust       0.35      0.13      0.19       608
 embarrassment       0.36      0.05      0.09       296
    excitement       0.25      0.09      0.13       573
          fear       0.43      0.12      0.18       365
     gratitude       0.70      0.74      0.72      1382
         grief       0.00      0.00      0.00        59
           joy       0.36      0.20      0.26       874
          love       0.59      0.47      0.52      1040
   nervousness       0.43      0.02      0.04       156
       neutral       0.39      0.72      0.51     11076
      optimism       0.38      0.23      0.28       890
         pride       0.10      0.01      0.01       156
   realization       0.21      0.07      0.11       940
        relief       0.17      0.01      0.01       165
       remorse       0.43      0.14      0.22       307
       sadness       0.36      0.20      0.26       729
      surprise       0.35      0.17      0.23       669

      accuracy                           0.39     34364
     macro avg       0.33      0.20      0.22     34364
  weighted avg       0.36      0.39      0.35     34364
MultinomialNB, alpha_, sentiment,[[ 565  609 1649  929]
 [ 142 3750 2443 1384]
 [ 335 1795 5788 3158]
 [ 160  805 2357 8495]],              precision    recall  f1-score   support

   ambiguous       0.47      0.15      0.23      3752
    negative       0.54      0.49      0.51      7719
     neutral       0.47      0.52      0.50     11076
    positive       0.61      0.72      0.66     11817

    accuracy                           0.54     34364
   macro avg       0.52      0.47      0.47     34364
weighted avg       0.53      0.54      0.53     34364
DecisionTreeClassifier, criterion_ginimax_depth_3min_samples_split_, emotion,[[    0     0     0     0     0     0     0     0     0     0     0     0
      0     0     0    12     0     0    94     0  2014     0     0     0
      0     0     0     0]
 [    0     0     0     0     0     0     0     0     0     0     0     0
      0     0     0    10     0     0    14     0  1187     0     0     0
      0     0     0     0]
 [    0     0     0     0     0     0     0     0     0     0     0     0
      0     0     0     5     0     0    10     0  1016     0     0     0
      0     0     0     0]
 [    0     0     0     0     0     0     0     0     0     0     0     0
      0     0     0    14     0     0    11     0  1661     0     0     0
      0     0     0     0]
 [    0     0     0     0     0     0     0     0     0     0     0     0
      0     0     0    10     0     0    35     0  2227     0     0     0
      0     0     0     0]
 [    0     0     0     0     0     0     0     0     0     0     0     0
      0     0     0     2     0     0    11     0   717     0     0     0
      0     0     0     0]
 [    0     0     0     0     0     0     0     0     0     0     0     0
      0     0     0     4     0     0     6     0   950     0     0     0
      0     0     0     0]
 [    0     0     0     0     0     0     0     0     0     0     0     0
      0     0     0     6     0     0    10     0  1167     0     0     0
      0     0     0     0]
 [    0     0     0     0     0     0     0     0     0     0     0     0
      0     0     0     4     0     0    13     0   387     0     0     0
      0     0     0     0]
 [    0     0     0     0     0     0     0     0     0     0     0     0
      0     0     0     2     0     0     8     0   955     0     0     0
      0     0     0     0]
 [    0     0     0     0     0     0     0     0     0     0     0     0
      0     0     0    10     0     0    11     0  1496     0     0     0
      0     0     0     0]
 [    0     0     0     0     0     0     0     0     0     0     0     0
      0     0     0     1     0     0     3     0   604     0     0     0
      0     0     0     0]
 [    0     0     0     0     0     0     0     0     0     0     0     0
      0     0     0     0     0     0     6     0   290     0     0     0
      0     0     0     0]
 [    0     0     0     0     0     0     0     0     0     0     0     0
      0     0     0     1     0     0     8     0   564     0     0     0
      0     0     0     0]
 [    0     0     0     0     0     0     0     0     0     0     0     0
      0     0     0     0     0     0     3     0   362     0     0     0
      0     0     0     0]
 [    0     0     0     0     0     0     0     0     0     0     0     0
      0     0     0  1003     0     0    10     0   369     0     0     0
      0     0     0     0]
 [    0     0     0     0     0     0     0     0     0     0     0     0
      0     0     0     1     0     0     0     0    58     0     0     0
      0     0     0     0]
 [    0     0     0     0     0     0     0     0     0     0     0     0
      0     0     0     1     0     0    34     0   839     0     0     0
      0     0     0     0]
 [    0     0     0     0     0     0     0     0     0     0     0     0
      0     0     0     4     0     0   638     0   398     0     0     0
      0     0     0     0]
 [    0     0     0     0     0     0     0     0     0     0     0     0
      0     0     0     0     0     0     2     0   154     0     0     0
      0     0     0     0]
 [    0     0     0     0     0     0     0     0     0     0     0     0
      0     0     0    50     0     0   152     0 10874     0     0     0
      0     0     0     0]
 [    0     0     0     0     0     0     0     0     0     0     0     0
      0     0     0     4     0     0    13     0   873     0     0     0
      0     0     0     0]
 [    0     0     0     0     0     0     0     0     0     0     0     0
      0     0     0     0     0     0     3     0   153     0     0     0
      0     0     0     0]
 [    0     0     0     0     0     0     0     0     0     0     0     0
      0     0     0     2     0     0     8     0   930     0     0     0
      0     0     0     0]
 [    0     0     0     0     0     0     0     0     0     0     0     0
      0     0     0    10     0     0     1     0   154     0     0     0
      0     0     0     0]
 [    0     0     0     0     0     0     0     0     0     0     0     0
      0     0     0     1     0     0     1     0   305     0     0     0
      0     0     0     0]
 [    0     0     0     0     0     0     0     0     0     0     0     0
      0     0     0     0     0     0     8     0   721     0     0     0
      0     0     0     0]
 [    0     0     0     0     0     0     0     0     0     0     0     0
      0     0     0     1     0     0     4     0   664     0     0     0
      0     0     0     0]],                precision    recall  f1-score   support

    admiration       0.00      0.00      0.00      2120
     amusement       0.00      0.00      0.00      1211
         anger       0.00      0.00      0.00      1031
     annoyance       0.00      0.00      0.00      1686
      approval       0.00      0.00      0.00      2272
        caring       0.00      0.00      0.00       730
     confusion       0.00      0.00      0.00       960
     curiosity       0.00      0.00      0.00      1183
        desire       0.00      0.00      0.00       404
disappointment       0.00      0.00      0.00       965
   disapproval       0.00      0.00      0.00      1517
       disgust       0.00      0.00      0.00       608
 embarrassment       0.00      0.00      0.00       296
    excitement       0.00      0.00      0.00       573
          fear       0.00      0.00      0.00       365
     gratitude       0.87      0.73      0.79      1382
         grief       0.00      0.00      0.00        59
           joy       0.00      0.00      0.00       874
          love       0.57      0.61      0.59      1040
   nervousness       0.00      0.00      0.00       156
       neutral       0.34      0.98      0.50     11076
      optimism       0.00      0.00      0.00       890
         pride       0.00      0.00      0.00       156
   realization       0.00      0.00      0.00       940
        relief       0.00      0.00      0.00       165
       remorse       0.00      0.00      0.00       307
       sadness       0.00      0.00      0.00       729
      surprise       0.00      0.00      0.00       669

      accuracy                           0.36     34364
     macro avg       0.06      0.08      0.07     34364
  weighted avg       0.16      0.36      0.21     34364
DecisionTreeClassifier, criterion_entropymax_depth_3min_samples_split_, sentiment,[[    0     0  3711    41]
 [    0     0  7622    97]
 [    0     0 10874   202]
 [    0     0  9882  1935]],              precision    recall  f1-score   support

   ambiguous       0.00      0.00      0.00      3752
    negative       0.00      0.00      0.00      7719
     neutral       0.34      0.98      0.50     11076
    positive       0.85      0.16      0.27     11817

    accuracy                           0.37     34364
   macro avg       0.30      0.29      0.19     34364
weighted avg       0.40      0.37      0.26     34364
MLPClassifier, activation_reluhidden_layer_sizes_(30, 50)solver_ada, emotion,[[1000   22    8   16   42    6    3   13    5    3   13    3    2   10
     4   61    0   35  104    0  692   35    0    5    0    2    5   31]
 [  27  634    6   31    9    2    7    1    1    0    4    6    1    4
     2   16    0   36   20    0  381    7    0    0    0    0    8    8]
 [   5   15  276   86   10    8    3    5    1    7   18   23    4    2
     6    6    0    1    2    0  527    7    0    4    0    1   11    3]
 [  16   30   92  163   27   16   10   16    2   13   60   28    8    2
    19   15    0    5    9    0 1090   12    0   13    0    5   21   14]
 [ 120   47   11   32  215   18   14    7   10    5   47   15    4    3
     9   22    0   21   41    0 1545   42    0   10    0    6   17   11]
 [  16    6    1   10   12  101    3    4    7    2    9    2    1    2
     6   13    0   15   15    0  430   48    0    2    0   13   12    0]
 [   8   18   12   22   15    3   99   40    2    2   26    8    2    2
     1    4    0    3    5    0  664    7    0    4    0    1    3    9]
 [  23   15   11   22    8    4   27  170    1    1    9    3    3    8
     2    8    0    7    8    0  809    9    0    1    0    4    5   25]
 [   8    5    1    2    7    8    1    0   95    1    0    1    1    1
     3    6    0    2   13    0  212   30    0    2    0    0    1    4]
 [   9   10   21   28   13    4    2    4    2   66   34   15    6    1
    11    6    0    6    6    1  623    9    0    4    0   13   64    7]
 [  14   27   31   47   24   12   22    5    3   13  167   13    9    0
    15    6    0    2    9    0 1050   11    0    6    0    4   16   11]
 [   1    9   44   41    6    0    1    1    3    4   18  114    8    0
    15    0    0    1    3    0  317    2    0    2    0    1   13    4]
 [   4    3    6   13    1    3    1    2    1    4    6    9   49    0
     4    0    0    0    4    0  165    3    0    4    0    3    6    5]
 [  58   12    6    3   11    2    2   12    2    0    3    1    0   64
     2   11    0   42    9    0  289    5    0    0    0    1    2   36]
 [   2    2    4    9    0    5    2    3    1    2    7    9    1    0
   141    0    0    2    2    0  166    2    0    1    0    0    3    1]
 [  90   10    1    2    6   10    1    2    1    1    0    0    0    2
     0 1070    0   34   10    0   89   24    0    2    0   17    8    2]
 [   1    0    0    0    0    0    0    0    0    0    1    0    2    0
     3    1    0    0    2    0   37    2    0    0    0    3    7    0]
 [  58   94    5    4   10   11    3    2    4    0    2    3    0   12
     2   38    0  226   57    0  307   12    0    5    1    2    7    9]
 [  54    6    0    7   12    2    1    5    2    1    4    0    1    0
     0    4    0   20  667    0  242    4    0    3    0    1    3    1]
 [   2    0    2    3    0    6    5    1    0    2    2    4    3    3
    12    0    0    1    0    0   98    3    0    2    0    2    5    0]
 [ 253  210  156  186  182   92  100  106   51   30  197   50   27   22
    47   80    0   90  144    0 8657  120    0   61    0   35  100   80]
 [  30    6    2    5   20   20    6    0   25    7   15    2    0    3
     0   17    0   11    8    0  410  294    0    2    0    1    2    4]
 [  25    1    2    0    3    2    0    1    1    0    4    0    0    1
     2    3    0   10    2    0   84    9    0    0    0    0    5    1]
 [  14    9   12   21   32    3    6    4    1    5   18    4    2    1
     6    3    0    4   10    0  685    4    0   53    0   10   12   21]
 [   9    2    2    2    5    9    0    0    0    0    0    0    0    0
     0   21    0   12    2    0   96    1    0    1    0    1    2    0]
 [   1    3    3    4    3    2    0    2    5    4    4    1    1    0
     0    6    0    0    2    0   78    0    0    7    0  157   22    2]
 [   2    1    4   14    5    8    0    1    3   19   10    7    3    1
     8    4    0    3    5    0  356    2    0    0    0   62  209    2]
 [  29    9   22   13    6    2    2   23    1    0   11    4    1    7
     3    3    0    6    3    0  328    7    0    1    0    0    0  188]],                precision    recall  f1-score   support

    admiration       0.53      0.47      0.50      2120
     amusement       0.53      0.52      0.52      1211
         anger       0.37      0.27      0.31      1031
     annoyance       0.21      0.10      0.13      1686
      approval       0.31      0.09      0.15      2272
        caring       0.28      0.14      0.19       730
     confusion       0.31      0.10      0.15       960
     curiosity       0.40      0.14      0.21      1183
        desire       0.41      0.24      0.30       404
disappointment       0.34      0.07      0.11       965
   disapproval       0.24      0.11      0.15      1517
       disgust       0.35      0.19      0.24       608
 embarrassment       0.35      0.17      0.23       296
    excitement       0.42      0.11      0.18       573
          fear       0.44      0.39      0.41       365
     gratitude       0.75      0.77      0.76      1382
         grief       0.00      0.00      0.00        59
           joy       0.38      0.26      0.31       874
          love       0.57      0.64      0.61      1040
   nervousness       0.00      0.00      0.00       156
       neutral       0.42      0.78      0.55     11076
      optimism       0.41      0.33      0.37       890
         pride       0.00      0.00      0.00       156
   realization       0.27      0.06      0.09       940
        relief       0.00      0.00      0.00       165
       remorse       0.46      0.51      0.48       307
       sadness       0.37      0.29      0.32       729
      surprise       0.39      0.28      0.33       669

      accuracy                           0.43     34364
     macro avg       0.34      0.25      0.27     34364
  weighted avg       0.40      0.43      0.38     34364
MLPClassifier, activation_tanhhidden_layer_sizes_(10, 10, 10)solver_ada, sentiment,[[1145  635 1372  600]
 [ 326 4529 1939  925]
 [ 790 2200 5702 2384]
 [ 385 1168 2121 8143]],              precision    recall  f1-score   support

   ambiguous       0.43      0.31      0.36      3752
    negative       0.53      0.59      0.56      7719
     neutral       0.51      0.51      0.51     11076
    positive       0.68      0.69      0.68     11817

    accuracy                           0.57     34364
   macro avg       0.54      0.52      0.53     34364
weighted avg       0.56      0.57      0.56     34364
